# Created by Octave 4.2.1, Mon Oct 09 21:36:10 2017 ART <guille@iibm>
# name: mediaXsujeto_T5
# type: matrix
# rows: 1
# columns: 6
 0.4266666666666666 0.6666666666666666 0.7799999999999999 0.6066666666666667 0.5 0.7560919540229885


# name: timeOutMedia_T5
# type: matrix
# rows: 1
# columns: 6
 0.7733333333333332 0.5666666666666667 0.3058949096880131 0.5733333333333333 0.7266666666666667 0.3946551724137931


# name: foodMedia_T5
# type: matrix
# rows: 1
# columns: 6
 0.5386666666666666 0.7966666666666666 0.5548308702791461 0.5306666666666666 0.6533333333333333 0.8320689655172415


# name: promediosC_T5
# type: matrix
# rows: 17
# columns: 6
 1 0.6 0.8666666666666667 0.7666666666666667 0.4333333333333333 0.5862068965517241
 0.9 0.5333333333333333 0.9666666666666667 0.9 0.3333333333333333 0.6333333333333333
 0.9333333333333333 0.7333333333333333 0.9333333333333333 0.9 0.2 0.6896551724137931
 0.8 0.7666666666666667 1 0.8666666666666667 0.2333333333333333 0.7586206896551724
 0.7333333333333333 0.8 1 0.5333333333333333 0.3333333333333333 0.5172413793103449
 0.8 0.6 0.8333333333333334 0.9 0.4 0.6333333333333333
 0.7666666666666667 0.8333333333333334 0.9666666666666667 0.9 0.3666666666666666 0.7
 0.5666666666666667 0.6333333333333333 0.9666666666666667 0.7666666666666667 0.4 0.6
 0.6333333333333333 0.6333333333333333 0.9333333333333333 0.7666666666666667 0.5333333333333333 0.6333333333333333
 0.7 0.6666666666666666 0.9333333333333333 0.6666666666666666 0.6 0.6896551724137931
 0.4333333333333333 0.6333333333333333 0.9666666666666667 0.8 0.4 0.7333333333333333
 0.4666666666666667 0.7 0.8333333333333334 0.7666666666666667 0.5 0.7666666666666667
 0.6 0.7 0.8333333333333334 0.6666666666666666 0.4666666666666667 0.8666666666666667
 0.4 0.6333333333333333 0.8 0.4333333333333333 0.5333333333333333 0.7241379310344828
 0.2333333333333333 0 0.7666666666666667 0.6 0 0
 0.4 0 0.7 0.6 0 0
 0.5 0 0.8 0.7333333333333333 0 0


# name: timeOutSem_T5
# type: matrix
# rows: 1
# columns: 6
 0.0644635986860458 0.02981423969999714 0.03443967125857057 0.05099019513592817 0.05617433182117553 0.03615664273837087


# name: foodSem_T5
# type: matrix
# rows: 1
# columns: 6
 0.04945929864264369 0.01433720877840426 0.01664361724865539 0.03537733109712416 0.03887301263230207 0.0295507383250027


# name: semXsujeto_T5
# type: matrix
# rows: 1
# columns: 6
 0.06091888960832358 0.01490711984999917 0.02260776661041894 0.04988876515698569 0.03333333333333341 0.03024190137471681


# name: timeOut_T5
# type: matrix
# rows: 50
# columns: 6
 0 0.5185185185185184 0.08695652173913046 0.3666666666666666 0.7999999999999997 0.6896551724137931
 0.1666666666666664 0.6896551724137931 0 0.1666666666666664 0.9310344827586211 0.5
 0.1333333333333333 0.4666666666666667 0.07692307692307712 0.1666666666666664 0.9310344827586207 0.5517241379310346
 0.2999999999999998 0.4333333333333331 0 0.2666666666666667 0.9333333333333333 0.3793103448275862
 0.3103448275862069 0.4 0 0.6206896551724138 0.8666666666666667 0.5517241379310344
 0.3333333333333331 0.5666666666666669 0.3 0.1379310344827585 0.7999999999999997 0.5666666666666669
 0.2758620689655175 0.2666666666666664 0.0666666666666669 0.1666666666666664 0.8333333333333331 0.4333333333333333
 0.6333333333333333 0.5172413793103448 0.0666666666666669 0.3103448275862071 0.7666666666666667 0.5999999999999998
 0.5666666666666669 0.6 0.1333333333333333 0.25 0.6666666666666664 0.5333333333333333
 0.4 0.5333333333333333 0.1333333333333333 0.4666666666666667 0.5999999999999998 0.4249999999999998
 0.8333333333333331 0.6666666666666664 0.0666666666666669 0.2307692307692309 0.9333333333333333 0.4666666666666667
 0.8333333333333336 0.5 0.3 0.3448275862068966 0.7 0.3666666666666666
 0.6333333333333333 0.5333333333333333 0.2413793103448278 0.4666666666666667 0.7333333333333333 0.2666666666666667
 0.8666666666666667 0.6 0.2666666666666667 0.7333333333333333 0.6666666666666664 0.4482758620689659
 0.8666666666666661 -1.25 0.3214285714285713 0.6333333333333333 -1.25 -1.25
 0.9 -1.25 0.4333333333333331 0.5666666666666664 -1.25 -1.25
 0.5999999999999998 -1.25 0.2666666666666667 0.4666666666666667 -1.25 -1.25
 -1.25 -1.25 -1.25 -1.25 -1.25 -1.25
 -1.25 -1.25 -1.25 -1.25 -1.25 -1.25
 -1.25 -1.25 -1.25 -1.25 -1.25 -1.25
 -1.25 -1.25 -1.25 -1.25 -1.25 -1.25
 -1.25 -1.25 -1.25 -1.25 -1.25 -1.25
 -1.25 -1.25 -1.25 -1.25 -1.25 -1.25
 -1.25 -1.25 -1.25 -1.25 -1.25 -1.25
 -1.25 -1.25 -1.25 -1.25 -1.25 -1.25
 -1.25 -1.25 -1.25 -1.25 -1.25 -1.25
 -1.25 -1.25 -1.25 -1.25 -1.25 -1.25
 -1.25 -1.25 -1.25 -1.25 -1.25 -1.25
 -1.25 -1.25 -1.25 -1.25 -1.25 -1.25
 -1.25 -1.25 -1.25 -1.25 -1.25 -1.25
 -1.25 -1.25 -1.25 -1.25 -1.25 -1.25
 -1.25 -1.25 -1.25 -1.25 -1.25 -1.25
 -1.25 -1.25 -1.25 -1.25 -1.25 -1.25
 -1.25 -1.25 -1.25 -1.25 -1.25 -1.25
 -1.25 -1.25 -1.25 -1.25 -1.25 -1.25
 -1.25 -1.25 -1.25 -1.25 -1.25 -1.25
 -1.25 -1.25 -1.25 -1.25 -1.25 -1.25
 -1.25 -1.25 -1.25 -1.25 -1.25 -1.25
 -1.25 -1.25 -1.25 -1.25 -1.25 -1.25
 -1.25 -1.25 -1.25 -1.25 -1.25 -1.25
 -1.25 -1.25 -1.25 -1.25 -1.25 -1.25
 -1.25 -1.25 -1.25 -1.25 -1.25 -1.25
 -1.25 -1.25 -1.25 -1.25 -1.25 -1.25
 -1.25 -1.25 -1.25 -1.25 -1.25 -1.25
 -1.25 -1.25 -1.25 -1.25 -1.25 -1.25
 -1.25 -1.25 -1.25 -1.25 -1.25 -1.25
 -1.25 -1.25 -1.25 -1.25 -1.25 -1.25
 -1.25 -1.25 -1.25 -1.25 -1.25 -1.25
 -1.25 -1.25 -1.25 -1.25 -1.25 -1.25
 -1.25 -1.25 -1.25 -1.25 -1.25 -1.25


# name: food_T5
# type: matrix
# rows: 50
# columns: 6
 0.4 0.7592592592592593 0.4521739130434783 0.5199999999999999 0.6166666666666666 0.7241379310344828
 0.4666666666666667 0.7413793103448276 0.4 0.4666666666666667 0.4827586206896551 0.7666666666666667
 0.48 0.8333333333333334 0.4461538461538461 0.4666666666666667 0.3448275862068966 0.7413793103448276
 0.6 0.8666666666666667 0.4 0.5600000000000001 0.3833333333333334 0.896551724137931
 0.5379310344827586 0.9 0.4 0.496551724137931 0.5 0.6896551724137931
 0.6533333333333333 0.75 0.5466666666666666 0.4827586206896551 0.5 0.7333333333333333
 0.5517241379310345 0.8833333333333333 0.44 0.4666666666666667 0.5333333333333333 0.7666666666666667
 0.5466666666666666 0.8103448275862069 0.44 0.4827586206896551 0.55 0.7666666666666667
 0.5733333333333334 0.75 0.48 0.4428571428571429 0.7 0.7166666666666667
 0.5600000000000001 0.8333333333333334 0.48 0.6 0.7666666666666667 0.75
 0.6 0.7833333333333332 0.44 0.4615384615384616 0.5666666666666667 0.8333333333333334
 0.6666666666666666 0.8 0.5466666666666666 0.5379310344827586 0.6666666666666667 0.8333333333333333
 0.6133333333333333 0.8166666666666667 0.510344827586207 0.48 0.5666666666666667 0.9333333333333333
 0.5866666666666667 0.75 0.5466666666666666 0.4399999999999999 0.7 0.8103448275862069
 0.3733333333333333 0 0.5571428571428572 0.6133333333333333 0 0
 0.64 0 0.6133333333333333 0.5066666666666667 0 0
 0.48 0 0.5466666666666666 0.6133333333333333 0 0
 0 0 0 0 0 0
 0 0 0 0 0 0
 0 0 0 0 0 0
 0 0 0 0 0 0
 0 0 0 0 0 0
 0 0 0 0 0 0
 0 0 0 0 0 0
 0 0 0 0 0 0
 0 0 0 0 0 0
 0 0 0 0 0 0
 0 0 0 0 0 0
 0 0 0 0 0 0
 0 0 0 0 0 0
 0 0 0 0 0 0
 0 0 0 0 0 0
 0 0 0 0 0 0
 0 0 0 0 0 0
 0 0 0 0 0 0
 0 0 0 0 0 0
 0 0 0 0 0 0
 0 0 0 0 0 0
 0 0 0 0 0 0
 0 0 0 0 0 0
 0 0 0 0 0 0
 0 0 0 0 0 0
 0 0 0 0 0 0
 0 0 0 0 0 0
 0 0 0 0 0 0
 0 0 0 0 0 0
 0 0 0 0 0 0
 0 0 0 0 0 0
 0 0 0 0 0 0
 0 0 0 0 0 0


