# Created by Octave 4.2.1, Tue Sep 19 15:47:08 2017 ART <guille@iibm>
# name: food
# type: matrix
# rows: 50
# columns: 6
 0.5333333333333333 0.6444444444444445 0.5333333333333333 0.7356321839080461 0.6666666666666666 0.7356321839080461
 0.688888888888889 0.6888888888888888 0.7619047619047619 0.5777777777777777 0.4666666666666667 0.8222222222222222
 0.6888888888888888 0.6206896551724138 0.688888888888889 0.6666666666666666 0.6666666666666666 0.8000000000000002
 0.5777777777777777 0.688888888888889 0.6666666666666666 0.7111111111111112 0.7586206896551725 0.7126436781609196
 0.7333333333333333 0.5111111111111111 0.8000000000000002 0.5614035087719298 0.6666666666666666 0.7816091954022989
 0.4000000000000001 0.5333333333333333 0.7777777777777776 0.7555555555555555 0.7555555555555555 0.7777777777777778
 0.7111111111111112 0.7777777777777778 0.688888888888889 0.7111111111111111 0.6444444444444445 0.7333333333333333
 0.6222222222222222 0.7777777777777778 0.688888888888889 0.6888888888888888 0.7777777777777776 0.6956521739130435
 0.7777777777777776 0.6222222222222222 0.688888888888889 0.688888888888889 0.7111111111111111 0.7555555555555555
 0.7111111111111111 0.7333333333333333 0.7333333333333333 0.7111111111111112 0.6666666666666666 0.688888888888889
 0.688888888888889 0.7111111111111112 0.7111111111111111 0.7333333333333333 0.7333333333333333 0.7333333333333333
 0.7126436781609194 0.8222222222222222 0.7111111111111112 0.688888888888889 0.6666666666666666 0.7111111111111111
 0.7356321839080461 0.8222222222222221 0.7333333333333333 0.688888888888889 0.7333333333333333 0.7111111111111111
 0.6666666666666666 0.688888888888889 0.7333333333333333 0.688888888888889 0.7333333333333333 0.6666666666666666
 0.6896551724137931 0.6222222222222222 0.7555555555555555 0.6888888888888888 0.7333333333333333 0.688888888888889
 0.7333333333333333 0.7777777777777778 0.7111111111111111 0.7111111111111111 0.6666666666666666 0.7111111111111112
 0.6896551724137931 0.7555555555555555 0.6888888888888888 0.6666666666666666 0.6444444444444445 0.6444444444444445
 0.7333333333333333 0.7333333333333333 0.7111111111111112 0.6666666666666666 0.5777777777777777 0.7356321839080461
 0 0.7333333333333333 0 0 0.6222222222222222 0.6896551724137931
 0 0.688888888888889 0 0 0.6222222222222222 0.6888888888888888
 0 0.6222222222222222 0 0 0.5333333333333333 0.7555555555555555
 0 0.8222222222222222 0 0 0.6666666666666666 0.7586206896551725
 0 0.8222222222222221 0 0 0.5111111111111111 0.6666666666666666
 0 0.6444444444444445 0 0 0.688888888888889 0.6444444444444445
 0 0.8 0 0 0.8222222222222222 0.6888888888888888
 0 0.6896551724137931 0 0 0.6896551724137931 0.6888888888888888
 0 0.7356321839080461 0 0 0.6444444444444444 0.6888888888888888
 0 0 0 0 0 0
 0 0 0 0 0 0
 0 0 0 0 0 0
 0 0 0 0 0 0
 0 0 0 0 0 0
 0 0 0 0 0 0
 0 0 0 0 0 0
 0 0 0 0 0 0
 0 0 0 0 0 0
 0 0 0 0 0 0
 0 0 0 0 0 0
 0 0 0 0 0 0
 0 0 0 0 0 0
 0 0 0 0 0 0
 0 0 0 0 0 0
 0 0 0 0 0 0
 0 0 0 0 0 0
 0 0 0 0 0 0
 0 0 0 0 0 0
 0 0 0 0 0 0
 0 0 0 0 0 0
 0 0 0 0 0 0
 0 0 0 0 0 0


# name: _timeOut
# type: matrix
# rows: 50
# columns: 6
 0.7666666666666667 0.7999999999999997 0.6999999999999997 0.620689655172414 0.5666666666666664 0.6896551724137931
 0.7333333333333333 0.8333333333333331 0.4999999999999998 0.5333333333333333 0.725 0.4333333333333331
 0.8333333333333331 0.862068965517241 0.1666666666666664 0.4 0.7000000000000003 0.6
 0.7333333333333333 0.7666666666666667 0.5666666666666664 0.2333333333333333 0.5862068965517243 0.6206896551724138
 0.5666666666666669 0.5333333333333333 0.4 0.7368421052631577 0.5172413793103448 0.4827586206896553
 0.7999999999999997 0.6666666666666666 0.5333333333333333 0.2666666666666667 0.5666666666666669 0.4333333333333331
 0.5 0.7999999999999997 0.0666666666666669 0.1333333333333333 0.3583333333333331 0.3
 0.3666666666666664 0.5999999999999998 0.0666666666666669 0.2666666666666664 0.5 0.608695652173913
 0.3333333333333331 0.5333333333333333 0.0666666666666669 0.1666666666666664 0.1333333333333333 0.4333333333333331
 0.3333333333333333 0.6 0.06666666666666667 0.2333333333333333 0 0.5333333333333333
 0.0666666666666669 0.5333333333333333 0.1333333333333333 0.3 0.3 0.3
 0.1379310344827585 0.7333333333333333 0.2333333333333333 0.0666666666666669 0.103448275862069 0.3333333333333333
 0.2068965517241381 0.6333333333333333 0.2 0.0666666666666669 0.2 0.3333333333333333
 0.1999999999999998 0.5333333333333333 0.1666666666666664 0.0666666666666669 0.2 0.2758620689655175
 0.06896551724137913 0.6333333333333333 0.3666666666666666 0.2666666666666664 0.4 0.0666666666666669
 0.3 0.5999999999999998 0.1333333333333333 0.3333333333333333 0.5172413793103448 0.2333333333333333
 0.1724137931034484 0.5666666666666669 0.2666666666666664 0.1 0.6333333333333333 0.5999999999999995
 0.3 0.5 0.2333333333333333 0 0.6333333333333333 0.2758620689655175
 -1.25 0.4666666666666667 -1.25 -1.25 0.6333333333333333 0.4827586206896553
 -1.25 0.5666666666666669 -1.25 -1.25 0.6333333333333333 0.3666666666666666
 -1.25 0.8666666666666667 -1.25 -1.25 0.7999999999999997 0.3666666666666666
 -1.25 0.4333333333333331 -1.25 -1.25 0.6666666666666664 0.3793103448275862
 -1.25 0.8666666666666667 -1.25 -1.25 0.7333333333333333 0.6
 -1.25 0.5000000000000002 -1.25 -1.25 0.7333333333333333 0.5333333333333333
 -1.25 0.7999999999999997 -1.25 -1.25 0.4666666666666667 0.4666666666666667
 -1.25 0.8620689655172415 -1.25 -1.25 0.7931034482758622 0.4666666666666667
 -1.25 0.6896551724137931 -1.25 -1.25 0.6999999999999997 0.4333333333333333
 -1.25 -1.25 -1.25 -1.25 -1.25 -1.25
 -1.25 -1.25 -1.25 -1.25 -1.25 -1.25
 -1.25 -1.25 -1.25 -1.25 -1.25 -1.25
 -1.25 -1.25 -1.25 -1.25 -1.25 -1.25
 -1.25 -1.25 -1.25 -1.25 -1.25 -1.25
 -1.25 -1.25 -1.25 -1.25 -1.25 -1.25
 -1.25 -1.25 -1.25 -1.25 -1.25 -1.25
 -1.25 -1.25 -1.25 -1.25 -1.25 -1.25
 -1.25 -1.25 -1.25 -1.25 -1.25 -1.25
 -1.25 -1.25 -1.25 -1.25 -1.25 -1.25
 -1.25 -1.25 -1.25 -1.25 -1.25 -1.25
 -1.25 -1.25 -1.25 -1.25 -1.25 -1.25
 -1.25 -1.25 -1.25 -1.25 -1.25 -1.25
 -1.25 -1.25 -1.25 -1.25 -1.25 -1.25
 -1.25 -1.25 -1.25 -1.25 -1.25 -1.25
 -1.25 -1.25 -1.25 -1.25 -1.25 -1.25
 -1.25 -1.25 -1.25 -1.25 -1.25 -1.25
 -1.25 -1.25 -1.25 -1.25 -1.25 -1.25
 -1.25 -1.25 -1.25 -1.25 -1.25 -1.25
 -1.25 -1.25 -1.25 -1.25 -1.25 -1.25
 -1.25 -1.25 -1.25 -1.25 -1.25 -1.25
 -1.25 -1.25 -1.25 -1.25 -1.25 -1.25
 -1.25 -1.25 -1.25 -1.25 -1.25 -1.25


