# Created by Octave 4.2.1, Fri Sep 08 21:12:31 2017 ART <guille@iibm>
# name: T
# type: matrix
# rows: 6
# columns: 50
 0.2 0.2666666666666667 0.3 0.2 0.2333333333333333 0.1333333333333333 0.2 0.1 0.1666666666666667 0.1333333333333333 0.03333333333333333 0.06896551724137931 0.103448275862069 0.06666666666666667 0.03448275862068965 0.1333333333333333 0.06896551724137931 0.1333333333333333 0 0 0 0 0 0 0 0 0 0 0 0 0 0 0 0 0 0 0 0 0 0 0 0 0 0 0 0 0 0 0 0
 0.2666666666666667 0.3 0.2758620689655172 0.2666666666666667 0.1 0.1666666666666667 0.3333333333333333 0.2666666666666667 0.1666666666666667 0.2333333333333333 0.2 0.3333333333333333 0.3 0.2 0.2 0.2666666666666667 0.2333333333333333 0.2 0.2 0.2 0.2666666666666667 0.2333333333333333 0.3666666666666666 0.1666666666666667 0.3333333333333333 0.3103448275862069 0.2758620689655172 0 0 0 0 0 0 0 0 0 0 0 0 0 0 0 0 0 0 0 0 0 0 0
 0.1666666666666667 0.2142857142857143 0.06666666666666667 0.2 0.2 0.2333333333333333 0.03333333333333333 0.03333333333333333 0.03333333333333333 0.06666666666666667 0.06666666666666667 0.1 0.1 0.1 0.1666666666666667 0.06666666666666667 0.1 0.1 0 0 0 0 0 0 0 0 0 0 0 0 0 0 0 0 0 0 0 0 0 0 0 0 0 0 0 0 0 0 0 0
 0.2413793103448276 0.1333333333333333 0.1333333333333333 0.1 0.2105263157894737 0.1333333333333333 0.06666666666666667 0.1 0.06666666666666667 0.1 0.1333333333333333 0.03333333333333333 0.03333333333333333 0.03333333333333333 0.1 0.1333333333333333 0.03333333333333333 0 0 0 0 0 0 0 0 0 0 0 0 0 0 0 0 0 0 0 0 0 0 0 0 0 0 0 0 0 0 0 0 0
 0.2 0.1666666666666667 0.2333333333333333 0.2413793103448276 0.1724137931034483 0.2333333333333333 0.1333333333333333 0.2333333333333333 0.06666666666666667 0 0.1333333333333333 0.03448275862068965 0.1 0.1 0.1666666666666667 0.1724137931034483 0.2 0.1666666666666667 0.2 0.2 0.2 0.2333333333333333 0.1666666666666667 0.2666666666666667 0.2333333333333333 0.2758620689655172 0.2333333333333333 0 0 0 0 0 0 0 0 0 0 0 0 0 0 0 0 0 0 0 0 0 0 0
 0.2758620689655172 0.2333333333333333 0.2666666666666667 0.2413793103448276 0.2068965517241379 0.2 0.1333333333333333 0.2173913043478261 0.2 0.2 0.1333333333333333 0.1333333333333333 0.1333333333333333 0.103448275862069 0.03333333333333333 0.1 0.2 0.1379310344827586 0.1724137931034483 0.1333333333333333 0.1666666666666667 0.1724137931034483 0.2 0.1666666666666667 0.1666666666666667 0.1666666666666667 0.1666666666666667 0 0 0 0 0 0 0 0 0 0 0 0 0 0 0 0 0 0 0 0 0 0 0


# name: C
# type: matrix
# rows: 6
# columns: 50
 0.2 0.2333333333333333 0.1333333333333333 0.2666666666666667 0.4 0.2 0.4666666666666667 0.6333333333333333 0.6666666666666666 0.6666666666666666 0.9333333333333333 0.8620689655172413 0.7931034482758621 0.8 0.9310344827586207 0.7 0.8275862068965517 0.7 0 0 0 0 0 0 0 0 0 0 0 0 0 0 0 0 0 0 0 0 0 0 0 0 0 0 0 0 0 0 0 0
 0.1666666666666667 0.1333333333333333 0.103448275862069 0.2333333333333333 0.4666666666666667 0.3 0.1666666666666667 0.3666666666666666 0.4333333333333333 0.4 0.4666666666666667 0.2333333333333333 0.3333333333333333 0.4333333333333333 0.3333333333333333 0.3666666666666666 0.4333333333333333 0.5 0.5 0.4333333333333333 0.1333333333333333 0.5333333333333333 0.1333333333333333 0.4666666666666667 0.2 0.103448275862069 0.2758620689655172 0 0 0 0 0 0 0 0 0 0 0 0 0 0 0 0 0 0 0 0 0 0 0
 0.3 0.5 0.8333333333333334 0.4 0.6 0.4666666666666667 0.9333333333333333 0.9333333333333333 0.9333333333333333 0.9 0.8666666666666667 0.7666666666666667 0.8 0.8 0.6333333333333333 0.8666666666666667 0.7333333333333333 0.7666666666666667 0 0 0 0 0 0 0 0 0 0 0 0 0 0 0 0 0 0 0 0 0 0 0 0 0 0 0 0 0 0 0 0
 0.3793103448275862 0.4666666666666667 0.6 0.7666666666666667 0.2105263157894737 0.7333333333333333 0.8666666666666667 0.7333333333333333 0.8333333333333334 0.7666666666666667 0.7 0.9333333333333333 0.9333333333333333 0.9333333333333333 0.7333333333333333 0.6666666666666666 0.9 1 0 0 0 0 0 0 0 0 0 0 0 0 0 0 0 0 0 0 0 0 0 0 0 0 0 0 0 0 0 0 0 0
 0.4 0.2 0.3 0.4137931034482759 0.4827586206896552 0.4333333333333333 0.5666666666666667 0.4666666666666667 0.8666666666666667 1 0.7 0.896551724137931 0.8 0.8 0.6 0.4827586206896552 0.3666666666666666 0.3666666666666666 0.3333333333333333 0.3333333333333333 0.2 0.3 0.2666666666666667 0.2333333333333333 0.5333333333333333 0.2068965517241379 0.2666666666666667 0 0 0 0 0 0 0 0 0 0 0 0 0 0 0 0 0 0 0 0 0 0 0
 0.2758620689655172 0.5333333333333333 0.4 0.3448275862068966 0.5517241379310345 0.5666666666666667 0.7 0.391304347826087 0.5333333333333333 0.4333333333333333 0.7 0.6666666666666666 0.6666666666666666 0.6896551724137931 0.9333333333333333 0.7666666666666667 0.3666666666666666 0.6896551724137931 0.5172413793103449 0.6333333333333333 0.6333333333333333 0.6206896551724138 0.4 0.4666666666666667 0.5333333333333333 0.5333333333333333 0.5333333333333333 0 0 0 0 0 0 0 0 0 0 0 0 0 0 0 0 0 0 0 0 0 0 0


# name: P
# type: matrix
# rows: 6
# columns: 50
 0.4333333333333333 0.2666666666666667 0.3 0.3333333333333333 0.1666666666666667 0.5333333333333333 0.1666666666666667 0.1666666666666667 0 0.06666666666666667 0 0 0 0.06666666666666667 0 0.03333333333333333 0.03448275862068965 0.03333333333333333 0 0 0 0 0 0 0 0 0 0 0 0 0 0 0 0 0 0 0 0 0 0 0 0 0 0 0 0 0 0 0 0
 0.3333333333333333 0.3 0.3793103448275862 0.2333333333333333 0.3333333333333333 0.4 0.2 0.1333333333333333 0.2666666666666667 0.1333333333333333 0.1333333333333333 0.1333333333333333 0.1 0.2 0.3 0.1333333333333333 0.1 0.1 0.1333333333333333 0.1666666666666667 0.3333333333333333 0.03333333333333333 0.1333333333333333 0.2333333333333333 0.1333333333333333 0.3103448275862069 0.2068965517241379 0 0 0 0 0 0 0 0 0 0 0 0 0 0 0 0 0 0 0 0 0 0 0
 0.3666666666666666 0.07142857142857142 0.03333333333333333 0.2333333333333333 0 0.06666666666666667 0 0 0 0 0 0.03333333333333333 0 0.03333333333333333 0.03333333333333333 0 0.06666666666666667 0.03333333333333333 0 0 0 0 0 0 0 0 0 0 0 0 0 0 0 0 0 0 0 0 0 0 0 0 0 0 0 0 0 0 0 0
 0.1379310344827586 0.2666666666666667 0.1333333333333333 0.03333333333333333 0.4210526315789473 0 0 0.06666666666666667 0.03333333333333333 0.03333333333333333 0.03333333333333333 0 0 0 0.06666666666666667 0.06666666666666667 0.03333333333333333 0 0 0 0 0 0 0 0 0 0 0 0 0 0 0 0 0 0 0 0 0 0 0 0 0 0 0 0 0 0 0 0 0
 0.2333333333333333 0.4333333333333333 0.2333333333333333 0.103448275862069 0.1724137931034483 0.1 0.1333333333333333 0.1 0 0 0.03333333333333333 0.03448275862068965 0 0 0.06666666666666667 0.1724137931034483 0.2333333333333333 0.3 0.3 0.3 0.4 0.2666666666666667 0.4 0.2666666666666667 0 0.2413793103448276 0.3 0 0 0 0 0 0 0 0 0 0 0 0 0 0 0 0 0 0 0 0 0 0 0
 0.2068965517241379 0.03333333333333333 0.06666666666666667 0.2068965517241379 0 0.03333333333333333 0.03333333333333333 0.1739130434782609 0.1 0.2 0.03333333333333333 0.06666666666666667 0.06666666666666667 0.1379310344827586 0 0.03333333333333333 0.2666666666666667 0.06896551724137931 0.1379310344827586 0.1 0.03333333333333333 0.03448275862068965 0.2 0.2 0.1333333333333333 0.1333333333333333 0.1666666666666667 0 0 0 0 0 0 0 0 0 0 0 0 0 0 0 0 0 0 0 0 0 0 0


# name: S
# type: matrix
# rows: 1
# columns: 6
 0.3040229885057472 0.3279310344827587 0.5560919540229885 0.7880459770114943 0.8066666666666666 0.84


