# Created by Octave 4.2.1, Fri Sep 08 15:45:17 2017 ART <guille@iibm>
# name: _promediosC_T4
# type: matrix
# rows: 17
# columns: 6
 1 0.6 0.8666666666666667 0.7666666666666667 0.4333333333333333 0.5862068965517241
 0.9 0.5333333333333333 0.9666666666666667 0.9 0.3333333333333333 0.6333333333333333
 0.9333333333333333 0.7333333333333333 0.9333333333333333 0.9 0.2 0.6896551724137931
 0.8 0.7666666666666667 1 0.8666666666666667 0.2333333333333333 0.7586206896551724
 0.7333333333333333 0.8 1 0.5333333333333333 0.3333333333333333 0.5172413793103449
 0.8 0.6 0.8333333333333334 0.9 0.4 0.6333333333333333
 0.7666666666666667 0.8333333333333334 0.9666666666666667 0.9 0.3666666666666666 0.7
 0.5666666666666667 0.6333333333333333 0.9666666666666667 0.7666666666666667 0.4 0.6
 0.6333333333333333 0.6333333333333333 0.9333333333333333 0.7666666666666667 0.5333333333333333 0.6333333333333333
 0.7 0.6666666666666666 0.9333333333333333 0.6666666666666666 0.6 0.6896551724137931
 0.4333333333333333 0.6333333333333333 0.9666666666666667 0.8 0.4 0.7333333333333333
 0.4666666666666667 0.7 0.8333333333333334 0.7666666666666667 0.5 0.7666666666666667
 0.6 0.7 0.8333333333333334 0.6666666666666666 0.4666666666666667 0.8666666666666667
 0.4 0.6333333333333333 0.8 0.4333333333333333 0.5333333333333333 0.7241379310344828
 0.2333333333333333 0 0.7666666666666667 0.6 0 0
 0.4 0 0.7 0.6 0 0
 0.5 0 0.8 0.7333333333333333 0 0


# name: _mediaXsujeto_T4
# type: matrix
# rows: 1
# columns: 6
 0.4933333333333333 0.6833333333333333 0.8533333333333333 0.6799999999999999 0.4533333333333333 0.6864367816091954


# name: _semXsujeto_T4
# type: matrix
# rows: 1
# columns: 6
 0.04326204963095952 0.02446968393949461 0.02905932629027125 0.03555555555555567 0.02730712383876561 0.03063639482341473


# name: food_T4
# type: matrix
# rows: 50
# columns: 6
 0.5 0.611111111111111 0.5434782608695652 0.5833333333333333 0.6833333333333333 0.7068965517241378
 0.55 0.7586206896551724 0.5 0.55 0.5862068965517241 0.6333333333333333
 0.5666666666666667 0.6666666666666667 0.5384615384615385 0.55 0.4310344827586207 0.5862068965517242
 0.6666666666666666 0.6833333333333333 0.5 0.6333333333333333 0.4833333333333333 0.7068965517241378
 0.603448275862069 0.7 0.5 0.5344827586206897 0.5833333333333334 0.603448275862069
 0.7166666666666667 0.6666666666666667 0.6166666666666667 0.5689655172413792 0.5 0.6166666666666667
 0.6206896551724138 0.5666666666666667 0.5333333333333333 0.55 0.6 0.55
 0.5833333333333334 0.7068965517241378 0.5333333333333333 0.5517241379310345 0.5666666666666667 0.7166666666666667
 0.6166666666666667 0.6666666666666667 0.5666666666666667 0.5178571428571428 0.6833333333333333 0.5666666666666667
 0.6166666666666667 0.75 0.5666666666666667 0.65 0.7166666666666667 0.5833333333333333
 0.6166666666666667 0.7666666666666667 0.5333333333333333 0.5384615384615385 0.7 0.6666666666666667
 0.6833333333333333 0.65 0.6166666666666667 0.603448275862069 0.6666666666666666 0.5833333333333333
 0.65 0.7 0.5862068965517241 0.5333333333333333 0.5333333333333333 0.6333333333333333
 0.6 0.6666666666666667 0.6166666666666667 0.4666666666666667 0.6833333333333333 0.6206896551724138
 0.3833333333333334 0 0.625 0.65 0 0
 0.65 0 0.6666666666666667 0.55 0 0
 0.5166666666666666 0 0.6166666666666667 0.6666666666666667 0 0
 0 0 0 0 0 0
 0 0 0 0 0 0
 0 0 0 0 0 0
 0 0 0 0 0 0
 0 0 0 0 0 0
 0 0 0 0 0 0
 0 0 0 0 0 0
 0 0 0 0 0 0
 0 0 0 0 0 0
 0 0 0 0 0 0
 0 0 0 0 0 0
 0 0 0 0 0 0
 0 0 0 0 0 0
 0 0 0 0 0 0
 0 0 0 0 0 0
 0 0 0 0 0 0
 0 0 0 0 0 0
 0 0 0 0 0 0
 0 0 0 0 0 0
 0 0 0 0 0 0
 0 0 0 0 0 0
 0 0 0 0 0 0
 0 0 0 0 0 0
 0 0 0 0 0 0
 0 0 0 0 0 0
 0 0 0 0 0 0
 0 0 0 0 0 0
 0 0 0 0 0 0
 0 0 0 0 0 0
 0 0 0 0 0 0
 0 0 0 0 0 0
 0 0 0 0 0 0
 0 0 0 0 0 0


# name: _timeOut_T4
# type: matrix
# rows: 50
# columns: 6
 0 0.5185185185185184 0.08695652173913046 0.3666666666666666 0.7999999999999997 0.6896551724137931
 0.1666666666666664 0.6896551724137931 0 0.1666666666666664 0.9310344827586211 0.5
 0.1333333333333333 0.4666666666666667 0.07692307692307712 0.1666666666666664 0.9310344827586207 0.5517241379310346
 0.2999999999999998 0.4333333333333331 0 0.2666666666666667 0.9333333333333333 0.3793103448275862
 0.3103448275862069 0.4 0 0.6206896551724138 0.8666666666666667 0.5517241379310344
 0.3333333333333331 0.5666666666666669 0.3 0.1379310344827585 0.7999999999999997 0.5666666666666669
 0.2758620689655175 0.2666666666666664 0.0666666666666669 0.1666666666666664 0.8333333333333331 0.4333333333333333
 0.6333333333333333 0.5172413793103448 0.0666666666666669 0.3103448275862071 0.7666666666666667 0.5999999999999998
 0.5666666666666669 0.6 0.1333333333333333 0.25 0.6666666666666664 0.5333333333333333
 0.4 0.5333333333333333 0.1333333333333333 0.4666666666666667 0.5999999999999998 0.4249999999999998
 0.8333333333333331 0.6666666666666664 0.0666666666666669 0.2307692307692309 0.9333333333333333 0.4666666666666667
 0.8333333333333336 0.5 0.3 0.3448275862068966 0.7 0.3666666666666666
 0.6333333333333333 0.5333333333333333 0.2413793103448278 0.4666666666666667 0.7333333333333333 0.2666666666666667
 0.8666666666666667 0.6 0.2666666666666667 0.7333333333333333 0.6666666666666664 0.4482758620689659
 0.8666666666666661 -1.25 0.3214285714285713 0.6333333333333333 -1.25 -1.25
 0.9 -1.25 0.4333333333333331 0.5666666666666664 -1.25 -1.25
 0.5999999999999998 -1.25 0.2666666666666667 0.4666666666666667 -1.25 -1.25
 -1.25 -1.25 -1.25 -1.25 -1.25 -1.25
 -1.25 -1.25 -1.25 -1.25 -1.25 -1.25
 -1.25 -1.25 -1.25 -1.25 -1.25 -1.25
 -1.25 -1.25 -1.25 -1.25 -1.25 -1.25
 -1.25 -1.25 -1.25 -1.25 -1.25 -1.25
 -1.25 -1.25 -1.25 -1.25 -1.25 -1.25
 -1.25 -1.25 -1.25 -1.25 -1.25 -1.25
 -1.25 -1.25 -1.25 -1.25 -1.25 -1.25
 -1.25 -1.25 -1.25 -1.25 -1.25 -1.25
 -1.25 -1.25 -1.25 -1.25 -1.25 -1.25
 -1.25 -1.25 -1.25 -1.25 -1.25 -1.25
 -1.25 -1.25 -1.25 -1.25 -1.25 -1.25
 -1.25 -1.25 -1.25 -1.25 -1.25 -1.25
 -1.25 -1.25 -1.25 -1.25 -1.25 -1.25
 -1.25 -1.25 -1.25 -1.25 -1.25 -1.25
 -1.25 -1.25 -1.25 -1.25 -1.25 -1.25
 -1.25 -1.25 -1.25 -1.25 -1.25 -1.25
 -1.25 -1.25 -1.25 -1.25 -1.25 -1.25
 -1.25 -1.25 -1.25 -1.25 -1.25 -1.25
 -1.25 -1.25 -1.25 -1.25 -1.25 -1.25
 -1.25 -1.25 -1.25 -1.25 -1.25 -1.25
 -1.25 -1.25 -1.25 -1.25 -1.25 -1.25
 -1.25 -1.25 -1.25 -1.25 -1.25 -1.25
 -1.25 -1.25 -1.25 -1.25 -1.25 -1.25
 -1.25 -1.25 -1.25 -1.25 -1.25 -1.25
 -1.25 -1.25 -1.25 -1.25 -1.25 -1.25
 -1.25 -1.25 -1.25 -1.25 -1.25 -1.25
 -1.25 -1.25 -1.25 -1.25 -1.25 -1.25
 -1.25 -1.25 -1.25 -1.25 -1.25 -1.25
 -1.25 -1.25 -1.25 -1.25 -1.25 -1.25
 -1.25 -1.25 -1.25 -1.25 -1.25 -1.25
 -1.25 -1.25 -1.25 -1.25 -1.25 -1.25
 -1.25 -1.25 -1.25 -1.25 -1.25 -1.25


# name: _timeOutMedia_T4
# type: matrix
# rows: 1
# columns: 6
 0.7133333333333333 0.5183908045977011 0.2229474548440066 0.4469274977895667 0.7566666666666666 0.4658333333333334


# name: _timeOutSem_T4
# type: matrix
# rows: 1
# columns: 6
 0.05333333333333321 0.03587074591299276 0.03785484942123554 0.05237321883659318 0.03260311278026918 0.03208244502867897


# name: foodMedia_T4
# type: matrix
# rows: 1
# columns: 6
 0.5916666666666668 0.6840229885057472 0.5927873563218391 0.5728157761778452 0.6233333333333334 0.6140804597701149


# name: foodSem_T4
# type: matrix
# rows: 1
# columns: 6
 0.02713136766016591 0.01765423116371322 0.01361531666230801 0.02099040180430937 0.02411392712690062 0.01565903008040322


