# Created by Octave 4.2.1, Tue Sep 12 13:53:19 2017 ART <guille@iibm>
# name: R2_T4
# type: matrix
# rows: 6
# columns: 50
 1 0.8333333333333334 0.8666666666666667 0.6666666666666666 0.6551724137931034 0.6333333333333333 0.6896551724137931 0.3666666666666666 0.4333333333333333 0.5666666666666667 0.1666666666666667 0.1666666666666667 0.3666666666666666 0.1333333333333333 0.1 0.1 0.3666666666666666 0 0 0 0 0 0 0 0 0 0 0 0 0 0 0 0 0 0 0 0 0 0 0 0 0 0 0 0 0 0 0 0 0
 0.4814814814814815 0.2758620689655172 0.5333333333333333 0.5666666666666667 0.6 0.4 0.7333333333333333 0.4482758620689655 0.4 0.4333333333333333 0.3333333333333333 0.5 0.4666666666666667 0.4 0 0 0 0 0 0 0 0 0 0 0 0 0 0 0 0 0 0 0 0 0 0 0 0 0 0 0 0 0 0 0 0 0 0 0 0
 0.9130434782608695 1 0.9230769230769231 1 1 0.7 0.9333333333333333 0.9333333333333333 0.8666666666666667 0.8666666666666667 0.9333333333333333 0.7 0.7586206896551724 0.7 0.6785714285714286 0.5333333333333333 0.7 0 0 0 0 0 0 0 0 0 0 0 0 0 0 0 0 0 0 0 0 0 0 0 0 0 0 0 0 0 0 0 0 0
 0.6333333333333333 0.8333333333333334 0.8333333333333334 0.7333333333333333 0.3793103448275862 0.8620689655172413 0.8333333333333334 0.6896551724137931 0.75 0.5 0.7692307692307693 0.6551724137931034 0.5333333333333333 0.2666666666666667 0.3666666666666666 0.4333333333333333 0.5333333333333333 0 0 0 0 0 0 0 0 0 0 0 0 0 0 0 0 0 0 0 0 0 0 0 0 0 0 0 0 0 0 0 0 0
 0.1666666666666667 0.06896551724137931 0.03448275862068965 0.03333333333333333 0.1 0.2 0.1333333333333333 0.2 0.3 0.3666666666666666 0.06666666666666667 0.2666666666666667 0.2666666666666667 0.3 0 0 0 0 0 0 0 0 0 0 0 0 0 0 0 0 0 0 0 0 0 0 0 0 0 0 0 0 0 0 0 0 0 0 0 0
 0.3103448275862069 0.4666666666666667 0.4827586206896552 0.5862068965517241 0.3793103448275862 0.4333333333333333 0.5666666666666667 0.3666666666666666 0.4666666666666667 0.5 0.5333333333333333 0.6333333333333333 0.7333333333333333 0.5517241379310345 0 0 0 0 0 0 0 0 0 0 0 0 0 0 0 0 0 0 0 0 0 0 0 0 0 0 0 0 0 0 0 0 0 0 0 0


# name: R_mean_T4
# type: matrix
# rows: 1
# columns: 6
 0.2766666666666667 0.4714942528735632 0.7670525451559935 0.5497391688770999 0.22 0.5181639949256142


