    Prob(c|X)   T      R      P     S
1/2  [ 8s  ]  0.665  0.845  0.697  0.761 % ultimas 5
              0.811  0.845  0.642  0.908 % ultimas 10

1/3  [1 3 4]  0.621  0.887  0.889  0.033

1/3  [2 5 6]  0.455  0.508  0.575  0.329

1/5  [1 3 4]  0.445  0.619  0.676  0.202


2/3  [2 5 6]  0.620  0.644  0.699  0.333


OutcomesRate
         T    R    P    S
1/2 
TRPS   0.102  0.763  0.037  0.098   % Ultimas 5
p(c|X)=0.760  0.845  0.929  0.870
QmediaC =
   0.00000   0.00000   0.24005   0.75995
   0.15503   0.84497   0.00000   0.00000
   0.00000   0.00000   0.07083   0.92917
   0.13000   0.87000   0.00000   0.00000


TRPS   0.103  0.758  0.040  0.099 % Ultimas 10
p(c|X)=0.811  0.845  0.856  0.908
QmediaC =

   0.00000   0.00000   0.18910   0.81090
   0.15514   0.84486   0.00000   0.00000
   0.00000   0.00000   0.14444   0.85556
   0.09185   0.90815   0.00000   0.00000


1/3
TRPS
[1 3 4] 0.085  0.799  0.033  0.082
p(c|X)= 0.650  0.895  0.867  0.944

sum(Q(:,:,[1 3 4]),3)./sum(sum(Q(:,:,[1 3 4]),3),2)

   0.00000   0.00000   0.35043   0.64957
   0.10552   0.89448   0.00000   0.00000
   0.00000   0.00000   0.13333   0.86667
   0.05556   0.94444   0.00000   0.00000

TRPS
[2 5 6]  0.233  0.343  0.204  0.219
p(c|X)=  0.468  0.551  0.560  0.648

sum(Q(:,:,[2 5 6]),3)./sum(sum(Q(:,:,[2 5 6]),3),2)

   0.00000   0.00000   0.53218   0.46782
   0.44921   0.55079   0.00000   0.00000
   0.00000   0.00000   0.44049   0.55951
   0.35229   0.64771   0.00000   0.00000

1/5
TRPS
[1 3 4]  0.184  0.438  0.207  0.172
p(c|X)=  0.455  0.639  0.614  0.780

sum(Q(:,:,[1 3 4]),3)./sum(sum(Q(:,:,[1 3 4]),3),2)

   0.00000   0.00000   0.54510   0.45490
   0.36099   0.63901   0.00000   0.00000
   0.00000   0.00000   0.38623   0.61377
   0.22000   0.78000   0.00000   0.00000

2/3
TRPS
[2 6]   0.204  0.508  0.084  0.201
p(c|X)= 0.619  0.658  0.672  0.663
sum(Q(:,:,[2 5 6]),3)./sum(sum(Q(:,:,[2 5 6]),3),2)
ans =

   0.00000   0.00000   0.38070   0.61930
   0.34253   0.65747   0.00000   0.00000
   0.00000   0.00000   0.32770   0.67230
   0.33692   0.66308   0.00000   0.00000

mean(S_mean([2 6]))


%% Sujeto 5 que pasa de 1/3 -> 2/3


2/3
TRPS
      0.236  0.301  0.242  0.222 % 1/3
      0.267  0.253  0.233  0.247 % 2/3

p(c|X)= 0.536  0.504  0.409  0.586 % 1/3
p(c|X)= 0.526  0.628  0.513  0.346 % 2/3

Q2(:,:,5) % 1/3
   0.00000   0.00000   0.46357   0.53643
   0.49643   0.50357   0.00000   0.00000
   0.00000   0.00000   0.59077   0.40923
   0.41452   0.58548   0.00000   0.00000
Q2(:,:,5) % 2/3
   0.00000   0.00000   0.47405   0.52595
   0.37154   0.62846   0.00000   0.00000
   0.00000   0.00000   0.48667   0.51333
   0.65397   0.34603   0.00000   0.00000



Friedman     T=1  R=2 P=3  S=4
1/3 [1 3 4]
p=  [ 3.7871e-09]
diff =
     1     2     1
     1     3     1
     1     4     0
     2     3     1
     2     4     1
     3     4     1

1/3 [2 5 6]
p= 0.1948       % 'Prob>Chi-sq'
diff =
     1     2     0
     1     3     0
     1     4     0
     2     3     0
     2     4     0
     3     4     0

1/5 [1 3 4]
p=  0.0205
diff =
     1     2     0
     1     3     0
     1     4     0
     2     3     1
     2     4     1
     3     4     0

2/3 [2 5 6]
p= 2.3199e-06
diff =
     1     2     0
     1     3     1
     1     4     0
     2     3     1
     2     4     1
     3     4     0

