# Created by Octave 4.2.1, Tue Sep 19 15:48:13 2017 ART <guille@iibm>
# name: food
# type: matrix
# rows: 50
# columns: 6
 0.5 0.611111111111111 0.5434782608695652 0.5833333333333333 0.6833333333333333 0.7068965517241378
 0.55 0.7586206896551724 0.5 0.55 0.5862068965517241 0.6333333333333333
 0.5666666666666667 0.6666666666666667 0.5384615384615385 0.55 0.4310344827586207 0.5862068965517242
 0.6666666666666666 0.6833333333333333 0.5 0.6333333333333333 0.4833333333333333 0.7068965517241378
 0.603448275862069 0.7 0.5 0.5344827586206897 0.5833333333333334 0.603448275862069
 0.7166666666666667 0.6666666666666667 0.6166666666666667 0.5689655172413792 0.5 0.6166666666666667
 0.6206896551724138 0.5666666666666667 0.5333333333333333 0.55 0.6 0.55
 0.5833333333333334 0.7068965517241378 0.5333333333333333 0.5517241379310345 0.5666666666666667 0.7166666666666667
 0.6166666666666667 0.6666666666666667 0.5666666666666667 0.5178571428571428 0.6833333333333333 0.5666666666666667
 0.6166666666666667 0.75 0.5666666666666667 0.65 0.7166666666666667 0.5833333333333333
 0.6166666666666667 0.7666666666666667 0.5333333333333333 0.5384615384615385 0.7 0.6666666666666667
 0.6833333333333333 0.65 0.6166666666666667 0.603448275862069 0.6666666666666666 0.5833333333333333
 0.65 0.7 0.5862068965517241 0.5333333333333333 0.5333333333333333 0.6333333333333333
 0.6 0.6666666666666667 0.6166666666666667 0.4666666666666667 0.6833333333333333 0.6206896551724138
 0.3833333333333334 0 0.625 0.65 0 0
 0.65 0 0.6666666666666667 0.55 0 0
 0.5166666666666666 0 0.6166666666666667 0.6666666666666667 0 0
 0 0 0 0 0 0
 0 0 0 0 0 0
 0 0 0 0 0 0
 0 0 0 0 0 0
 0 0 0 0 0 0
 0 0 0 0 0 0
 0 0 0 0 0 0
 0 0 0 0 0 0
 0 0 0 0 0 0
 0 0 0 0 0 0
 0 0 0 0 0 0
 0 0 0 0 0 0
 0 0 0 0 0 0
 0 0 0 0 0 0
 0 0 0 0 0 0
 0 0 0 0 0 0
 0 0 0 0 0 0
 0 0 0 0 0 0
 0 0 0 0 0 0
 0 0 0 0 0 0
 0 0 0 0 0 0
 0 0 0 0 0 0
 0 0 0 0 0 0
 0 0 0 0 0 0
 0 0 0 0 0 0
 0 0 0 0 0 0
 0 0 0 0 0 0
 0 0 0 0 0 0
 0 0 0 0 0 0
 0 0 0 0 0 0
 0 0 0 0 0 0
 0 0 0 0 0 0
 0 0 0 0 0 0


# name: _timeOut
# type: matrix
# rows: 50
# columns: 6
 0 0.5185185185185184 0.08695652173913046 0.3666666666666666 0.7999999999999997 0.6896551724137931
 0.1666666666666664 0.6896551724137931 0 0.1666666666666664 0.9310344827586211 0.5
 0.1333333333333333 0.4666666666666667 0.07692307692307712 0.1666666666666664 0.9310344827586207 0.5517241379310346
 0.2999999999999998 0.4333333333333331 0 0.2666666666666667 0.9333333333333333 0.3793103448275862
 0.3103448275862069 0.4 0 0.6206896551724138 0.8666666666666667 0.5517241379310344
 0.3333333333333331 0.5666666666666669 0.3 0.1379310344827585 0.7999999999999997 0.5666666666666669
 0.2758620689655175 0.2666666666666664 0.0666666666666669 0.1666666666666664 0.8333333333333331 0.4333333333333333
 0.6333333333333333 0.5172413793103448 0.0666666666666669 0.3103448275862071 0.7666666666666667 0.5999999999999998
 0.5666666666666669 0.6 0.1333333333333333 0.25 0.6666666666666664 0.5333333333333333
 0.4 0.5333333333333333 0.1333333333333333 0.4666666666666667 0.5999999999999998 0.4249999999999998
 0.8333333333333331 0.6666666666666664 0.0666666666666669 0.2307692307692309 0.9333333333333333 0.4666666666666667
 0.8333333333333336 0.5 0.3 0.3448275862068966 0.7 0.3666666666666666
 0.6333333333333333 0.5333333333333333 0.2413793103448278 0.4666666666666667 0.7333333333333333 0.2666666666666667
 0.8666666666666667 0.6 0.2666666666666667 0.7333333333333333 0.6666666666666664 0.4482758620689659
 0.8666666666666661 -1.25 0.3214285714285713 0.6333333333333333 -1.25 -1.25
 0.9 -1.25 0.4333333333333331 0.5666666666666664 -1.25 -1.25
 0.5999999999999998 -1.25 0.2666666666666667 0.4666666666666667 -1.25 -1.25
 -1.25 -1.25 -1.25 -1.25 -1.25 -1.25
 -1.25 -1.25 -1.25 -1.25 -1.25 -1.25
 -1.25 -1.25 -1.25 -1.25 -1.25 -1.25
 -1.25 -1.25 -1.25 -1.25 -1.25 -1.25
 -1.25 -1.25 -1.25 -1.25 -1.25 -1.25
 -1.25 -1.25 -1.25 -1.25 -1.25 -1.25
 -1.25 -1.25 -1.25 -1.25 -1.25 -1.25
 -1.25 -1.25 -1.25 -1.25 -1.25 -1.25
 -1.25 -1.25 -1.25 -1.25 -1.25 -1.25
 -1.25 -1.25 -1.25 -1.25 -1.25 -1.25
 -1.25 -1.25 -1.25 -1.25 -1.25 -1.25
 -1.25 -1.25 -1.25 -1.25 -1.25 -1.25
 -1.25 -1.25 -1.25 -1.25 -1.25 -1.25
 -1.25 -1.25 -1.25 -1.25 -1.25 -1.25
 -1.25 -1.25 -1.25 -1.25 -1.25 -1.25
 -1.25 -1.25 -1.25 -1.25 -1.25 -1.25
 -1.25 -1.25 -1.25 -1.25 -1.25 -1.25
 -1.25 -1.25 -1.25 -1.25 -1.25 -1.25
 -1.25 -1.25 -1.25 -1.25 -1.25 -1.25
 -1.25 -1.25 -1.25 -1.25 -1.25 -1.25
 -1.25 -1.25 -1.25 -1.25 -1.25 -1.25
 -1.25 -1.25 -1.25 -1.25 -1.25 -1.25
 -1.25 -1.25 -1.25 -1.25 -1.25 -1.25
 -1.25 -1.25 -1.25 -1.25 -1.25 -1.25
 -1.25 -1.25 -1.25 -1.25 -1.25 -1.25
 -1.25 -1.25 -1.25 -1.25 -1.25 -1.25
 -1.25 -1.25 -1.25 -1.25 -1.25 -1.25
 -1.25 -1.25 -1.25 -1.25 -1.25 -1.25
 -1.25 -1.25 -1.25 -1.25 -1.25 -1.25
 -1.25 -1.25 -1.25 -1.25 -1.25 -1.25
 -1.25 -1.25 -1.25 -1.25 -1.25 -1.25
 -1.25 -1.25 -1.25 -1.25 -1.25 -1.25
 -1.25 -1.25 -1.25 -1.25 -1.25 -1.25


