# Created by Octave 4.2.1, Tue Sep 12 11:33:50 2017 ART <guille@iibm>
# name: mediaXsujeto_T3
# type: matrix
# rows: 1
# columns: 6
 0.8700000000000001 0.5633333333333332 0.89 0.9066666666666666 0.5033333333333333 0.7142528735632184


# name: timeOutMedia_T3
# type: matrix
# rows: 1
# columns: 6
 0.2119540229885057 0.6551724137931035 0.1866666666666666 0.16 0.6793103448275861 0.4371264367816092


# name: foodMedia_T3
# type: matrix
# rows: 1
# columns: 6
 0.7138697318007663 0.7291954022988505 0.7177777777777778 0.6933333333333336 0.6378544061302682 0.7006130268199235


# name: promediosC_T3
# type: matrix
# rows: 27
# columns: 6
 0.3666666666666666 0.4 0.4666666666666667 0.6 0.5666666666666667 0.5172413793103449
 0.4666666666666667 0.4 0.6666666666666666 0.6 0.3666666666666666 0.7333333333333333
 0.4 0.3333333333333333 0.9 0.7333333333333333 0.5333333333333333 0.6666666666666666
 0.4666666666666667 0.5 0.5666666666666667 0.8666666666666667 0.6333333333333333 0.5517241379310345
 0.6 0.5666666666666667 0.8 0.4333333333333333 0.6333333333333333 0.7931034482758621
 0.3333333333333333 0.4333333333333333 0.7 0.8666666666666667 0.6666666666666666 0.7666666666666667
 0.6333333333333333 0.4666666666666667 0.9666666666666667 0.9333333333333333 0.7 0.8333333333333334
 0.7333333333333333 0.6 0.9666666666666667 0.8333333333333334 0.6666666666666666 0.5925925925925926
 0.8333333333333334 0.5666666666666667 0.9666666666666667 0.9 0.9333333333333333 0.7
 0.8 0.6333333333333333 0.9333333333333333 0.8666666666666667 0.9666666666666667 0.6
 0.9666666666666667 0.6666666666666666 0.9333333333333333 0.8333333333333334 0.8333333333333334 0.8333333333333334
 0.9 0.5333333333333333 0.8666666666666667 0.9666666666666667 0.9 0.8
 0.8666666666666667 0.6 0.9 0.9666666666666667 0.9 0.8
 0.8666666666666667 0.6 0.8666666666666667 0.9666666666666667 0.9 0.7586206896551724
 0.9333333333333333 0.5 0.8 0.8333333333333334 0.7666666666666667 0.9666666666666667
 0.8333333333333334 0.6 0.9333333333333333 0.8 0.6333333333333333 0.8666666666666667
 0.8666666666666667 0.6666666666666666 0.8333333333333334 0.9333333333333333 0.5666666666666667 0.5333333333333333
 0.8333333333333334 0.7 0.8666666666666667 1 0.5333333333333333 0.7931034482758621
 0 0.6666666666666666 0 0 0.5 0.6896551724137931
 0 0.6333333333333333 0 0 0.5 0.7666666666666667
 0 0.4 0 0 0.4 0.8
 0 0.7333333333333333 0 0 0.5 0.7931034482758621
 0 0.5 0 0 0.4333333333333333 0.6
 0 0.6 0 0 0.4666666666666667 0.6333333333333333
 0 0.5333333333333333 0 0 0.7666666666666667 0.7
 0 0.3666666666666666 0 0 0.4666666666666667 0.7
 0 0.5 0 0 0.4666666666666667 0.6666666666666666


# name: timeOutSem_T3
# type: matrix
# rows: 1
# columns: 6
 0.03227236521064955 0.05726809554670009 0.02948110924760355 0.03678432301610408 0.03082184378370368 0.0296092241577484


# name: foodSem_T3
# type: matrix
# rows: 1
# columns: 6
 0.01019230705017186 0.02216377864025699 0.006666666666665411 0.006457628064503236 0.02813446946823726 0.01182608839362717


# name: timeOut_T3
# type: matrix
# rows: 50
# columns: 6
 0.7666666666666667 0.7999999999999997 0.6999999999999997 0.620689655172414 0.5666666666666664 0.6896551724137931
 0.7333333333333333 0.8333333333333331 0.4999999999999998 0.5333333333333333 0.725 0.4333333333333331
 0.8333333333333331 0.862068965517241 0.1666666666666664 0.4 0.7000000000000003 0.6
 0.7333333333333333 0.7666666666666667 0.5666666666666664 0.2333333333333333 0.5862068965517243 0.6206896551724138
 0.5666666666666669 0.5333333333333333 0.4 0.7368421052631577 0.5172413793103448 0.4827586206896553
 0.7999999999999997 0.6666666666666666 0.5333333333333333 0.2666666666666667 0.5666666666666669 0.4333333333333331
 0.5 0.7999999999999997 0.0666666666666669 0.1333333333333333 0.3583333333333331 0.3
 0.3666666666666664 0.5999999999999998 0.0666666666666669 0.2666666666666664 0.5 0.608695652173913
 0.3333333333333331 0.5333333333333333 0.0666666666666669 0.1666666666666664 0.1333333333333333 0.4333333333333331
 0.3333333333333333 0.6 0.06666666666666667 0.2333333333333333 0 0.5333333333333333
 0.0666666666666669 0.5333333333333333 0.1333333333333333 0.3 0.3 0.3
 0.1379310344827585 0.7333333333333333 0.2333333333333333 0.0666666666666669 0.103448275862069 0.3333333333333333
 0.2068965517241381 0.6333333333333333 0.2 0.0666666666666669 0.2 0.3333333333333333
 0.1999999999999998 0.5333333333333333 0.1666666666666664 0.0666666666666669 0.2 0.2758620689655175
 0.06896551724137913 0.6333333333333333 0.3666666666666666 0.2666666666666664 0.4 0.0666666666666669
 0.3 0.5999999999999998 0.1333333333333333 0.3333333333333333 0.5172413793103448 0.2333333333333333
 0.1724137931034484 0.5666666666666669 0.2666666666666664 0.1 0.6333333333333333 0.5999999999999995
 0.3 0.5 0.2333333333333333 0 0.6333333333333333 0.2758620689655175
 -1.25 0.4666666666666667 -1.25 -1.25 0.6333333333333333 0.4827586206896553
 -1.25 0.5666666666666669 -1.25 -1.25 0.6333333333333333 0.3666666666666666
 -1.25 0.8666666666666667 -1.25 -1.25 0.7999999999999997 0.3666666666666666
 -1.25 0.4333333333333331 -1.25 -1.25 0.6666666666666664 0.3793103448275862
 -1.25 0.8666666666666667 -1.25 -1.25 0.7333333333333333 0.6
 -1.25 0.5000000000000002 -1.25 -1.25 0.7333333333333333 0.5333333333333333
 -1.25 0.7999999999999997 -1.25 -1.25 0.4666666666666667 0.4666666666666667
 -1.25 0.8620689655172415 -1.25 -1.25 0.7931034482758622 0.4666666666666667
 -1.25 0.6896551724137931 -1.25 -1.25 0.6999999999999997 0.4333333333333333
 -1.25 -1.25 -1.25 -1.25 -1.25 -1.25
 -1.25 -1.25 -1.25 -1.25 -1.25 -1.25
 -1.25 -1.25 -1.25 -1.25 -1.25 -1.25
 -1.25 -1.25 -1.25 -1.25 -1.25 -1.25
 -1.25 -1.25 -1.25 -1.25 -1.25 -1.25
 -1.25 -1.25 -1.25 -1.25 -1.25 -1.25
 -1.25 -1.25 -1.25 -1.25 -1.25 -1.25
 -1.25 -1.25 -1.25 -1.25 -1.25 -1.25
 -1.25 -1.25 -1.25 -1.25 -1.25 -1.25
 -1.25 -1.25 -1.25 -1.25 -1.25 -1.25
 -1.25 -1.25 -1.25 -1.25 -1.25 -1.25
 -1.25 -1.25 -1.25 -1.25 -1.25 -1.25
 -1.25 -1.25 -1.25 -1.25 -1.25 -1.25
 -1.25 -1.25 -1.25 -1.25 -1.25 -1.25
 -1.25 -1.25 -1.25 -1.25 -1.25 -1.25
 -1.25 -1.25 -1.25 -1.25 -1.25 -1.25
 -1.25 -1.25 -1.25 -1.25 -1.25 -1.25
 -1.25 -1.25 -1.25 -1.25 -1.25 -1.25
 -1.25 -1.25 -1.25 -1.25 -1.25 -1.25
 -1.25 -1.25 -1.25 -1.25 -1.25 -1.25
 -1.25 -1.25 -1.25 -1.25 -1.25 -1.25
 -1.25 -1.25 -1.25 -1.25 -1.25 -1.25
 -1.25 -1.25 -1.25 -1.25 -1.25 -1.25


