# Created by Octave 4.2.1, Mon Oct 02 20:06:18 2017 ART <guille@iibm>
# name: R_mean
# type: matrix
# rows: 1
# columns: 6
 0.7917241379310346 0.2358620689655172 0.76 0.8466666666666665 0.3013793103448276 0.4933333333333333


# name: T_mean
# type: matrix
# rows: 1
# columns: 6
 0.08735632183908046 0.2905747126436782 0.1066666666666667 0.06 0.2351724137931034 0.1733333333333333


# name: P_mean
# type: matrix
# rows: 1
# columns: 6
 0.0335632183908046 0.203448275862069 0.03333333333333333 0.03333333333333333 0.2416091954022989 0.1666666666666667


# name: S_mean
# type: matrix
# rows: 1
# columns: 6
 0.08735632183908046 0.2701149425287356 0.1 0.06 0.2218390804597701 0.1666666666666667


