# Created by Octave 4.2.1, Mon Oct 02 18:35:02 2017 ART <guille@iibm>
# name: R_mean
# type: matrix
# rows: 1
# columns: 6
 0.2133333333333333 0.4266666666666666 0.6741050903119868 0.4266666666666666 0.2533333333333333 0.5903448275862069


# name: T_mean
# type: matrix
# rows: 1
# columns: 6
 0.2266666666666667 0.2466666666666667 0.1425944170771757 0.18 0.2666666666666667 0.1611494252873563


# name: P_mean
# type: matrix
# rows: 1
# columns: 6
 0.3466666666666667 0.08666666666666667 0.06070607553366174 0.2133333333333333 0.2333333333333333 0.0806896551724138


# name: S_mean
# type: matrix
# rows: 1
# columns: 6
 0.2133333333333333 0.24 0.1225944170771757 0.18 0.2466666666666667 0.1611494252873563


