# Created by Octave 4.2.1, Tue Sep 26 18:52:31 2017 ART <guille@guille-HP-Pavilion-dm1>
# name: media_R1_T3
# type: matrix
# rows: 1
# columns: 3
 0.8666666666666668 0.86 0.9066666666666666


# name: promedioC_T3_R1
# type: matrix
# rows: 18
# columns: 3
 0.3666666666666666 0.4666666666666667 0.6
 0.4666666666666667 0.6666666666666666 0.6
 0.4 0.9 0.7333333333333333
 0.4666666666666667 0.5666666666666667 0.8666666666666667
 0.6 0.8 0.4333333333333333
 0.3333333333333333 0.7 0.8666666666666667
 0.6333333333333333 0.9666666666666667 0.9333333333333333
 0.7333333333333333 0.9666666666666667 0.8333333333333334
 0.8333333333333334 0.9666666666666667 0.9
 0.8 0.9333333333333333 0.8666666666666667
 0.9666666666666667 0.9333333333333333 0.8333333333333334
 0.9 0.8666666666666667 0.9666666666666667
 0.8666666666666667 0.9 0.9666666666666667
 0.8666666666666667 0.8666666666666667 0.9666666666666667
 0.9333333333333333 0.8 0.8333333333333334
 0.8333333333333334 0.9333333333333333 0.8
 0.8666666666666667 0.8333333333333334 0.9333333333333333
 0.8333333333333334 0.8666666666666667 1


