# Created by Octave 4.2.1, Tue Sep 26 18:57:24 2017 ART <guille@guille-HP-Pavilion-dm1>
# name: media_R1_T5
# type: matrix
# rows: 1
# columns: 3
 0.4266666666666666 0.78 0.6066666666666667


# name: promedioC_T5_R1
# type: matrix
# rows: 17
# columns: 3
 1 0.8666666666666667 0.7666666666666667
 0.9 0.9666666666666667 0.9
 0.9333333333333333 0.9333333333333333 0.9
 0.8 1 0.8666666666666667
 0.7333333333333333 1 0.5333333333333333
 0.8 0.8333333333333334 0.9
 0.7666666666666667 0.9666666666666667 0.9
 0.5666666666666667 0.9666666666666667 0.7666666666666667
 0.6333333333333333 0.9333333333333333 0.7666666666666667
 0.7 0.9333333333333333 0.6666666666666666
 0.4333333333333333 0.9666666666666667 0.8
 0.4666666666666667 0.8333333333333334 0.7666666666666667
 0.6 0.8333333333333334 0.6666666666666666
 0.4 0.8 0.4333333333333333
 0.2333333333333333 0.7666666666666667 0.6
 0.4 0.7 0.6
 0.5 0.8 0.7333333333333333


# name: media_R2_T3
# type: matrix
# rows: 1
# columns: 3
 0.6666666666666666 0.5 0.7560919540229885


# name: promedioC_T3_R2
# type: matrix
# rows: 14
# columns: 3
 0.6 0.4333333333333333 0.5862068965517241
 0.5333333333333333 0.3333333333333333 0.6333333333333333
 0.7333333333333333 0.2 0.6896551724137931
 0.7666666666666667 0.2333333333333333 0.7586206896551724
 0.8 0.3333333333333333 0.5172413793103449
 0.6 0.4 0.6333333333333333
 0.8333333333333334 0.3666666666666666 0.7
 0.6333333333333333 0.4 0.6
 0.6333333333333333 0.5333333333333333 0.6333333333333333
 0.6666666666666666 0.6 0.6896551724137931
 0.6333333333333333 0.4 0.7333333333333333
 0.7 0.5 0.7666666666666667
 0.7 0.4666666666666667 0.8666666666666667
 0.6333333333333333 0.5333333333333333 0.7241379310344828


