# Created by Octave 4.2.1, Mon Sep 18 19:33:36 2017 ART <guille@iibm>
# name: _tracking_T3
# type: matrix
# ndims: 3
 4 5 4
 2
 2
 23
 2
 1
 1
 25
 2
 4
 4
 20
 1
 2
 2
 22
 3
 4
 4
 20
 1
 0
 0
 0
 0
 0
 0
 0
 0
 0
 0
 0
 0
 0
 0
 0
 0
 0
 0
 0
 0
 3
 2
 23
 1
 5
 5
 18
 1
 2
 2
 25
 0
 3
 3
 21
 2
 3
 3
 22
 1
 1
 1
 27
 0
 3
 3
 21
 2
 4
 4
 19
 2
 1
 1
 26
 1
 0
 0
 29
 0


