# Created by Octave 4.2.1, Thu Oct 19 11:55:43 2017 ART <guille@iibm>
# name: _tracking_T3
# type: matrix
# ndims: 3
 4 5 6
 2
 2
 23
 2
 1
 1
 25
 2
 4
 4
 20
 1
 2
 2
 22
 3
 4
 4
 20
 1
 10
 11
 4
 4
 5
 4
 13
 7
 9
 10
 6
 4
 10
 9
 2
 8
 6
 8
 8
 7
 3
 2
 23
 1
 5
 5
 18
 1
 2
 2
 25
 0
 3
 3
 21
 2
 3
 3
 22
 1
 1
 1
 27
 0
 3
 3
 21
 2
 4
 4
 19
 2
 1
 1
 26
 1
 0
 0
 29
 0
 5
 5
 7
 12
 7
 7
 7
 8
 7
 7
 15
 0
 9
 9
 5
 6
 7
 6
 7
 9
 6
 6
 11
 6
 5
 5
 13
 6
 4
 5
 16
 4
 5
 5
 15
 4
 5
 4
 15
 5


# name: _tracking_T5
# type: matrix
# ndims: 3
 4 5 6
 7
 7
 10
 5
 7
 8
 4
 10
 4
 4
 3
 18
 8
 9
 3
 9
 5
 4
 10
 10
 8
 7
 12
 2
 8
 9
 10
 2
 6
 6
 14
 3
 7
 7
 13
 2
 6
 7
 12
 4
 3
 2
 22
 2
 4
 3
 20
 2
 4
 4
 18
 3
 6
 5
 15
 3
 4
 3
 20
 2
 4
 4
 15
 6
 5
 5
 7
 12
 7
 7
 10
 5
 4
 5
 13
 7
 6
 6
 15
 2
 8
 7
 10
 4
 9
 10
 2
 8
 7
 7
 8
 7
 6
 6
 7
 10
 7
 7
 9
 6
 4
 6
 15
 4
 6
 6
 15
 2
 4
 4
 18
 3
 4
 4
 21
 0
 6
 4
 15
 4


