# Created by Octave 4.2.1, Mon Sep 18 19:36:16 2017 ART <guille@iibm>
# name: _tracking_T4
# type: matrix
# ndims: 3
 4 5 4
 5
 4
 19
 1
 3
 4
 18
 4
 6
 5
 18
 0
 4
 2
 20
 3
 5
 6
 11
 7
 0
 0
 0
 0
 0
 0
 0
 0
 0
 0
 0
 0
 0
 0
 0
 0
 0
 0
 0
 0
 0
 0
 29
 0
 0
 0
 29
 0
 4
 4
 20
 1
 1
 1
 27
 0
 1
 1
 27
 0
 4
 4
 21
 0
 5
 6
 11
 7
 2
 2
 23
 2
 2
 2
 24
 1
 3
 3
 18
 5


# name: _tracking_T5
# type: matrix
# ndims: 3
 4 5 4
 7
 7
 10
 5
 7
 8
 4
 10
 4
 4
 3
 18
 8
 9
 3
 9
 5
 4
 10
 10
 0
 0
 0
 0
 0
 0
 0
 0
 0
 0
 0
 0
 0
 0
 0
 0
 0
 0
 0
 0
 3
 2
 22
 2
 4
 3
 20
 2
 4
 4
 18
 3
 6
 5
 15
 3
 4
 3
 20
 2
 4
 4
 15
 6
 5
 5
 7
 12
 7
 7
 10
 5
 4
 5
 13
 7
 6
 6
 15
 2


