# Created by Octave 4.2.1, Thu Oct 05 15:26:42 2017 ART <guille@iibm>
# name: _idealSujeto_T5
# type: matrix
# rows: 6
# columns: 7
 1 0.5 0.625 0.3 0.5 0.8333333333333333 0.75
 1 0 0.75 0.5 0.6666666666666666 0.6666666666666669 0.5
 0 1 0.25 0.4666666666666667 0.3333333333333333 0.3333333333333333 0.5
 0.5 0 0.25 0 0.1666666666666667 0.3333333333333334 0.25
 0.5 0 0.25 0.03333333333333333 0.1666666666666667 0.3333333333333333 0.25
 0 0 0.25 0.5 0.3333333333333333 0 0


