# Created by Octave 4.0.0, Thu Jan 11 07:18:27 2018 -03 <guille@PL62-7RC>
# name: _promediosC
# type: matrix
# rows: 19
# columns: 7
 0.9333333333333333 0.8 0.3 0.4 0.7 0.6666666666666666 0.9
 1 0.7333333333333333 0.9333333333333333 0.9 1 0.8333333333333334 0.9
 1 0.8333333333333334 0.9666666666666667 0.9333333333333333 0.9666666666666667 0.9333333333333333 0.6
 1 0.8666666666666667 1 0.2333333333333333 1 0.9 0.7
 0.9666666666666667 0.8333333333333334 1 0.6666666666666666 0.9333333333333333 0.9666666666666667 0.4666666666666667
 1 0.6333333333333333 1 0.7666666666666667 1 0.8333333333333334 0.8333333333333334
 1 0.5333333333333333 1 0.6666666666666666 1 0.9 0.4333333333333333
 1 0.6333333333333333 1 0.8666666666666667 1 0.7333333333333333 0.6666666666666666
 1 0.5 1 0.8333333333333334 1 0.7333333333333333 0.6
 1 0.4666666666666667 1 0.8333333333333334 1 0.5666666666666667 0.8
 1 0.3333333333333333 1 0.5666666666666667 0.9666666666666667 0.9 0.5333333333333333
 1 0.3 1 0.8333333333333334 1 0.7 0.3666666666666666
 0.9666666666666667 0.2666666666666667 1 0.5333333333333333 0.9666666666666667 0.9666666666666667 0.5333333333333333
 1 0.1333333333333333 1 0.7333333333333333 0.8333333333333334 0.6333333333333333 0.6333333333333333
 1 0.3333333333333333 1 0.7 1 0.8333333333333334 0.4666666666666667
 1 0.4 1 0.6333333333333333 0.8333333333333334 0.6 0.4333333333333333
 0.9666666666666667 0.2333333333333333 1 0.6 0.9666666666666667 0.7333333333333333 0.4
 0.9 0.5333333333333333 1 0.7333333333333333 0.9 0.6 0.3666666666666666
 0.9333333333333333 0.5333333333333333 1 0.4666666666666667 0.9 0.6666666666666666 0.3666666666666666


