# Created by Octave 4.0.0, Sat Jan 13 09:34:17 2018 -03 <guille@PL62-7RC>
# name: frecTRPS_anti
# type: matrix
# rows: 1
# columns: 4
 0.104 0.7413333333333333 0.05733333333333333 0.09733333333333334


# name: frecTRPS_sem_anti
# type: matrix
# rows: 1
# columns: 4
 0.003333333333333844 0.006666666666666646 0.003333333333331762 0.006666666666666126


# name: _mediaXsujeto_anti
# type: matrix
# rows: 1
# columns: 7
 0.96 0.4066666666666666 1 0.6266666666666667 0.9200000000000002 0.6866666666666666 0.4066666666666666


# name: _stdXsujeto_anti
# type: matrix
# rows: 1
# columns: 7
 0.01943650631615161 0.05811865258054243 0 0.04642796092394687 0.02905932629027037 0.04422166387140537 0.01943650631615092


# name: probEleccionMean_anti
# type: matrix
# ndims: 3
 4 2 2
 0.699404761904762
 0.8553911266641225
 0.734375
 0.7911992521367521
 0.3005952380952381
 0.1446088733358774
 0.265625
 0.2088007478632479
 0.3762626262626263
 0.3756410256410256
 0.3726923076923077
 0.556060606060606
 0.6237373737373737
 0.6243589743589744
 0.6273076923076923
 0.443939393939394


