# Created by Octave 4.0.0, Fri Jan 12 11:14:42 2018 -03 <guille@PL62-7RC>
# name: _mediaXsujeto
# type: matrix
# rows: 1
# columns: 12
 0.6333333333333334 0.3466666666666666 0.9931034482758621 0.3666666666666666 0.3698850574712644 0.348735632183908 0.9533333333333334 0.771264367816092 0.8866666666666667 1 0.6788505747126437 0.9726436781609195


# name: _stdXsujeto
# type: matrix
# rows: 1
# columns: 12
 0.05577733510227145 0.008164965809277627 0.006896551724136762 0.06749485577105531 0.05430520561952404 0.03367168742460582 0.02000000000000068 0.03353486442080052 0.02494438257849275 0 0.0405774802872299 0.02008832393099141


# name: probEleccionMean
# type: matrix
# ndims: 3
 4 2 2
 0.7673438300051204
 0.8561971432840461
 0.9235104669887279
 0.8501664106502816
 0.2326561699948796
 0.1438028567159539
 0.07648953301127213
 0.1498335893497184
 0.4378386767464959
 0.3817155067155067
 0.3214673257776706
 0.3164640022025421
 0.5621613232535041
 0.6182844932844933
 0.6785326742223293
 0.6835359977974579


# name: frec_TRPS_OPO
# type: matrix
# rows: 1
# columns: 4
 0.1020977011494253 0.7632183908045976 0.03675287356321839 0.09793103448275861


# name: frec_TRPS_sem_OPO
# type: matrix
# rows: 1
# columns: 4
 0.03587660323712776 0.08526468125891751 0.01894388164836382 0.03372730208806666


