# Created by Octave 4.0.0, Thu Jan 11 07:34:24 2018 -03 <guille@PL62-7RC>
# name: _promediosC
# type: matrix
# rows: 50
# columns: 12
 0.7333333333333333 0.1851851851851852 0.3448275862068966 0.3448275862068966 0.6 0.5517241379310345 0.4666666666666667 0.4137931034482759 0.5172413793103449 0.4666666666666667 0.3793103448275862 0.1428571428571428
 0.6 0.3 0.07142857142857142 0.32 0.6333333333333333 0.4333333333333333 0.5333333333333333 0.4482758620689655 0.4074074074074074 0.3333333333333333 0.6333333333333333 0.5
 0.4666666666666667 0.3 0.3666666666666666 0.2 0.6333333333333333 0.6333333333333333 0.8 0.3333333333333333 0.5666666666666667 0.5909090909090909 0.6206896551724138 0.5333333333333333
 0.5 0.2 0.7 0.4666666666666667 0.8 0.7 0.6333333333333333 0.3333333333333333 0.3666666666666666 0.5172413793103449 0.3 0.7333333333333333
 0.6333333333333333 0.3103448275862069 0.6 0.4137931034482759 0.9333333333333333 0.7931034482758621 0.9333333333333333 0.3 0.3 0.6333333333333333 0.4666666666666667 0.5666666666666667
 0.7 0.4666666666666667 0.8666666666666667 0.6 0.9666666666666667 0.9 0.9666666666666667 0.3666666666666666 0.1481481481481481 0.3666666666666666 0.6 0.5666666666666667
 0.7333333333333333 0.6 0.9310344827586207 0.4333333333333333 0.9666666666666667 0.8666666666666667 0.7333333333333333 0.3666666666666666 0.1 0.3666666666666666 0.5333333333333333 0.7666666666666667
 0.5 0.6 1 0.4666666666666667 1 0.9 0.9 0.2333333333333333 0.2333333333333333 0.4137931034482759 0.5333333333333333 0.9
 0.8 0.7333333333333333 0.9655172413793104 0.3666666666666666 0.9333333333333333 0.8 0.9655172413793104 0.1333333333333333 0.3 0.7931034482758621 0.5666666666666667 0.9333333333333333
 0.6666666666666666 0.6333333333333333 0.9666666666666667 0.3666666666666666 0.8333333333333334 0.6896551724137931 0.8666666666666667 0.2333333333333333 0.5517241379310345 0.896551724137931 0.6666666666666666 0.9333333333333333
 0.8666666666666667 0.5862068965517241 1 0.3333333333333333 0.9 0.8666666666666667 0.896551724137931 0.2 0.7 0.9 0.5333333333333333 0.8
 0.7333333333333333 0.4666666666666667 1 0.1666666666666667 0.8666666666666667 0.7666666666666667 1 0.4827586206896552 0.6071428571428571 0.7142857142857143 0.7 0.9
 0.7333333333333333 0.8 1 0.2 0.4137931034482759 0.7 0.9666666666666667 0.4666666666666667 0.6333333333333333 0.8 0.5862068965517241 0.8666666666666667
 0.8 0.5333333333333333 1 0.6 0.4666666666666667 0.7333333333333333 0.9333333333333333 0.2758620689655172 0.375 0.6666666666666666 0.7666666666666667 1
 0.7333333333333333 0.5517241379310345 1 0.4666666666666667 0.4333333333333333 0.7333333333333333 0.7666666666666667 0.5 0.7241379310344828 0.9 0.6 0.9
 0.6333333333333333 0.7 1 0.5 0.4482758620689655 0.7 0.9 0.3448275862068966 0.7666666666666667 0.896551724137931 0.5 0.9666666666666667
 0.4333333333333333 0.7 1 0.4137931034482759 0.4 0.6666666666666666 0.7333333333333333 0.4333333333333333 0.5 0.9655172413793104 0.8333333333333334 0.9333333333333333
 0.6666666666666666 0.7 1 0.8 0.2666666666666667 0.5666666666666667 0.7666666666666667 0.3666666666666666 0.7333333333333333 0.9 0.7333333333333333 1
 0.6 0.5517241379310345 1 0.5 0.1666666666666667 0.7241379310344828 1 0.3 0.7333333333333333 1 0.7 1
 0.7333333333333333 0.6666666666666666 1 0.5333333333333333 0.3666666666666666 0.4666666666666667 0.9333333333333333 0.5862068965517241 0.7666666666666667 1 0.7 1
 0.7333333333333333 0.6666666666666666 0.9655172413793104 0.3666666666666666 0.4827586206896552 0.5 0.9 0.4666666666666667 0.6666666666666666 0.9666666666666667 0.7586206896551724 0.9666666666666667
 0 0.6333333333333333 1 0.2333333333333333 0.4333333333333333 0.6333333333333333 0.9333333333333333 0.7333333333333333 0.7241379310344828 1 0.7333333333333333 0.896551724137931
 0 0.5666666666666667 1 0.2 0.4 0.3666666666666666 1 0.7241379310344828 0.8 1 0.8 1
 0 0.5172413793103449 0 0 0 0.5333333333333333 0 0.6 0.7586206896551724 1 0.8333333333333334 0
 0 0.4333333333333333 0 0 0 0.4 0 0.6896551724137931 0.9333333333333333 1 0.7 0
 0 0.4827586206896552 0 0 0 0.4333333333333333 0 0.8333333333333334 0.9666666666666667 1 0.7 0
 0 0.5 0 0 0 0.3666666666666666 0 0.7333333333333333 0.9666666666666667 1 0.9333333333333333 0
 0 0.5 0 0 0 0.4666666666666667 0 0.7666666666666667 0.9 1 0.6 0
 0 0.3666666666666666 0 0 0 0.3333333333333333 0 0.6333333333333333 0.9 1 0.6333333333333333 0
 0 0.3333333333333333 0 0 0 0.3103448275862069 0 0.8333333333333334 0.8333333333333334 0 0.6 0
 0 0.3666666666666666 0 0 0 0.2666666666666667 0 0.6551724137931034 0.8333333333333334 0 0.8275862068965517 0
 0 0.3333333333333333 0 0 0 0 0 0.5333333333333333 0 0 0.7 0
 0 0.3333333333333333 0 0 0 0 0 0.7333333333333333 0 0 0.6333333333333333 0
 0 0 0 0 0 0 0 0.6666666666666666 0 0 0 0
 0 0 0 0 0 0 0 0.6333333333333333 0 0 0 0
 0 0 0 0 0 0 0 0.6333333333333333 0 0 0 0
 0 0 0 0 0 0 0 0.6896551724137931 0 0 0 0
 0 0 0 0 0 0 0 0.7 0 0 0 0
 0 0 0 0 0 0 0 0.8 0 0 0 0
 0 0 0 0 0 0 0 0.8333333333333334 0 0 0 0
 0 0 0 0 0 0 0 0.8 0 0 0 0
 0 0 0 0 0 0 0 0.7 0 0 0 0
 0 0 0 0 0 0 0 0.7333333333333333 0 0 0 0
 0 0 0 0 0 0 0 0.8333333333333334 0 0 0 0
 0 0 0 0 0 0 0 0.6 0 0 0 0
 0 0 0 0 0 0 0 0.7333333333333333 0 0 0 0
 0 0 0 0 0 0 0 0.8666666666666667 0 0 0 0
 0 0 0 0 0 0 0 0.6896551724137931 0 0 0 0
 0 0 0 0 0 0 0 0.8333333333333334 0 0 0 0
 0 0 0 0 0 0 0 0.7333333333333333 0 0 0 0


