EXPERIMETN T=3
Q2 =

ans(:,:,1) =

   0.00000   0.00000   0.28571   0.71429
   0.09079   0.90921   0.00000   0.00000
   0.00000   0.00000   0.00000   1.00000
   0.21429   0.78571   0.00000   0.00000

ans(:,:,2) =

   0.00000   0.00000   0.39928   0.60072
   0.54677   0.45323   0.00000   0.00000
   0.00000   0.00000   0.41667   0.58333
   0.54002   0.45998   0.00000   0.00000

ans(:,:,3) =

   0.00000   0.00000   0.29048   0.70952
   0.14076   0.85924   0.00000   0.00000
   0.00000   0.00000   0.00000   1.00000
   0.04762   0.95238   0.00000   0.00000

ans(:,:,4) =

   0.00000   0.00000   0.26389   0.73611
   0.07185   0.92815   0.00000   0.00000
   0.00000   0.00000   0.33333   0.66667
   0.00000   1.00000   0.00000   0.00000

ans(:,:,5) =

   0.00000   0.00000   0.48418   0.51582
   0.52126   0.47874   0.00000   0.00000
   0.00000   0.00000   0.61409   0.38591
   0.40561   0.59439   0.00000   0.00000

ans(:,:,6) =

   0.00000   0.00000   0.59048   0.40952
   0.31895   0.68105   0.00000   0.00000
   0.00000   0.00000   0.15714   0.84286
   0.04762   0.95238   0.00000   0.00000

EXPERIMENT T=4
Q2 =

ans(:,:,1) =

   0.00000   0.00000   0.60663   0.39337
   0.64827   0.35173   0.00000   0.00000
   0.00000   0.00000   0.50132   0.49868
   0.46429   0.53571   0.00000   0.00000

ans(:,:,3) =

   0.00000   0.00000   0.37143   0.62857
   0.17292   0.82708   0.00000   0.00000
   0.00000   0.00000   0.00000   0.85714
   0.07143   0.92857   0.00000   0.00000

ans(:,:,4) =

   0.00000   0.00000   0.55884   0.44116
   0.30313   0.69687   0.00000   0.00000
   0.00000   0.00000   0.36837   0.63163
   0.14796   0.85204   0.00000   0.00000
